[tvp tool]
angle=0.000000
anim=3
animinvert=0
auid=d4d1dc62-6679-8d43-976c-df3335fcb44b
bordercolor=0 0 0
c_angle2=0;2 0 1 0 0 1 1 
c_jitter2=0;2 0 1 0 0 1 1 
c_opacity2=0;2 0 1 0 0 1 1 
c_shift2=0;2 0 1 0 0 1 1 
c_size2=0;2 0 1 0 0 1 1 
c_smear=0;2 0 1 0 0 1 1 
centerx=255
centery=83
currentimage=0
dry=0
flipx=0
flipy=0
handle=0
height=167
imagefilename=\4cc76dd3-ec56-7046-9370-13168d82f511.dip
jitter=0.000000
mode=0
opacity=100.000000
opacitymap_on=0
opaque=0
optimize=0
originex=1389
originey=441
projection=0
rotation=0.000000
shift=0
showpreview=1
size=100.000000
smear=50.0000
stamp=0
statx=1
staty=1
step=63.75
stepon=1
stepval=12.50
subpixel=3
tooltype=5
wetprofileprof_current=0
wetprofileprof_linear=1
wetprofileprof_name=CustomBrush
wetprofileprof_numpoint=2
wetprofileprof_point0=0 0
wetprofileprof_point1=1 1
width=510
wraptoscreen=0

[tvp tool_mapx]
current=0
mode=0
numpoint=2
point0=0.00 0.00
point1=1.00 1.00
select=1

[tvp tool_mapy]
current=0
mode=0
numpoint=2
point0=0.00 0.00
point1=1.00 1.00
select=0

